solId:0,time:0.06199999898672104
solId:1,time:0.017000000923871994
