solId:0,time:0.20800000429153442
solId:1,time:0.2409999966621399
