solId:0,time:2.1689999103546143
solId:1,time:1.937000036239624
