solId:0,time:0.10499999672174454
solId:1,time:0.10499999672174454
