solId:0,time:0.020999999716877937
solId:1,time:0.004000000189989805
