solId:0,time:1.5549999475479126
solId:1,time:1.5779999494552612
