solId:0,time:0.13500000536441803
solId:1,time:0.13600000739097595
