solId:0,time:2.0160000324249268
solId:1,time:2.119999885559082
