solId:0,time:0.017999999225139618
solId:1,time:0.004000000189989805
