solId:0,time:0.0949999988079071
solId:1,time:0.04399999976158142
solId:2,time:0.017000000923871994
