solId:0,time:1.3300000429153442
solId:1,time:0.5249999761581421
solId:2,time:0.8679999709129333
