solId:0,time:0.024000000208616257
solId:1,time:0.013000000268220901
solId:2,time:0.0010000000474974513
