solId:0,time:0.054999999701976776
solId:1,time:0.017000000923871994
solId:2,time:0.017000000923871994
