solId:0,time:1.059000015258789
solId:1,time:1.0520000457763672
solId:2,time:1.5440000295639038
