solId:0,time:0.01899999938905239
solId:1,time:0.0020000000949949026
solId:2,time:0.0020000000949949026
