solId:0,time:0.1940000057220459
solId:1,time:0.017000000923871994
solId:2,time:0.054999999701976776
