solId:0,time:1.3140000104904175
solId:1,time:0.7300000190734863
solId:2,time:0.8429999947547913
