solId:0,time:0.0560000017285347
solId:1,time:0.0010000000474974513
solId:2,time:0.0010000000474974513
